Raw torch.Size([16, 16]) attention grid:

0.000158 0.000863 0.000752 0.000098 0.000133 0.000391 0.000007 0.000102 0.000121 0.000010 0.000001 0.000030 0.000008 0.000007 0.000282 0.000228 
0.001328 0.000040 0.000549 0.000023 0.000233 0.000006 0.001649 0.000034 0.000096 0.000076 0.000025 0.000023 0.000012 0.000182 0.000033 0.000486 
0.000495 0.001414 0.000169 0.015381 0.014198 0.001344 0.000116 0.000772 0.000086 0.000374 0.000256 0.000224 0.014549 0.002665 0.000377 0.000627 
0.001019 0.002121 0.019165 0.003448 0.000181 0.000117 0.000664 0.002434 0.000717 0.000161 0.000628 0.000679 0.007019 0.000180 0.000170 0.001866 
0.000971 0.002007 0.000451 0.000328 0.000029 0.003073 0.000675 0.000381 0.000058 0.000338 0.001029 0.000801 0.006180 0.000926 0.002371 0.001458 
0.004868 0.006729 0.000300 0.006195 0.001560 0.001486 0.000303 0.005077 0.000092 0.001296 0.000378 0.000424 0.003288 0.001202 0.000848 0.004272 
0.000442 0.007565 0.001928 0.000242 0.000618 0.000030 0.000038 0.000185 0.000590 0.000030 0.000170 0.000029 0.001677 0.000456 0.001325 0.000389 
0.000293 0.002256 0.000796 0.000063 0.000091 0.000188 0.000018 0.000574 0.000307 0.000013 0.000904 0.000100 0.001698 0.015388 0.001089 0.000253 
0.000370 0.003155 0.004658 0.000237 0.002378 0.000154 0.000615 0.000083 0.000585 0.000017 0.004696 0.000844 0.007256 0.000694 0.000685 0.000714 
0.004768 0.014671 0.000044 0.000423 0.002707 0.000369 0.000193 0.001121 0.000684 0.000132 0.002531 0.005169 0.004036 0.003881 0.000136 0.000411 
0.000077 0.004993 0.000298 0.000328 0.000239 0.000073 0.000303 0.000154 0.000101 0.000541 0.001986 0.002007 0.000937 0.000195 0.000191 0.005527 
0.004753 0.002934 0.001303 0.000442 0.000447 0.004269 0.003340 0.000123 0.000205 0.000468 0.003639 0.000947 0.001696 0.000341 0.000044 0.000611 
0.000050 0.004215 0.001116 0.003195 0.002714 0.000908 0.000878 0.000927 0.000037 0.001466 0.003561 0.000125 0.000854 0.000577 0.000007 0.000072 
0.005585 0.001525 0.004578 0.004383 0.000038 0.000794 0.000996 0.000117 0.000193 0.000083 0.000903 0.000149 0.001142 0.000173 0.000141 0.000045 
0.000608 0.000180 0.001894 0.001287 0.000148 0.000676 0.000196 0.000153 0.001881 0.000068 0.000901 0.000220 0.001081 0.000144 0.000009 0.000110 
0.000013 0.000002 0.000535 0.003574 0.000111 0.000068 0.000056 0.000325 0.000035 0.000349 0.000291 0.000090 0.000054 0.000014 0.000014 0.002773 
